1600
3 0 0
5 0 1
5 0 2
5 0 3
5 0 4
5 0 5
5 0 6
5 0 7
5 0 8
5 0 9
5 0 10
5 0 11
5 0 12
5 0 13
5 0 14
5 0 15
5 0 16
5 0 17
5 0 18
5 0 19
5 0 20
5 0 21
5 0 22
5 0 23
5 0 24
5 0 25
5 0 26
5 0 27
5 0 28
5 0 29
5 0 30
5 0 31
5 0 32
5 0 33
5 0 34
5 0 35
5 0 36
5 0 37
5 0 38
3 0 39
5 1 0
7 1 1
6 1 2
5 1 3
5 1 4
5 1 5
5 1 6
5 1 7
5 1 8
5 1 9
5 1 10
5 1 11
5 1 12
7 1 13
8 1 14
8 1 15
8 1 16
8 1 17
8 1 18
8 1 19
8 1 20
8 1 21
8 1 22
8 1 23
8 1 24
8 1 25
8 1 26
8 1 27
8 1 28
8 1 29
8 1 30
8 1 31
8 1 32
8 1 33
8 1 34
8 1 35
8 1 36
8 1 37
8 1 38
5 1 39
5 2 0
6 2 1
0 2 2
0 2 3
0 2 4
0 2 5
0 2 6
0 2 7
0 2 8
0 2 9
0 2 10
0 2 11
0 2 12
5 2 13
8 2 14
8 2 15
8 2 16
8 2 17
8 2 18
8 2 19
8 2 20
8 2 21
8 2 22
8 2 23
8 2 24
8 2 25
8 2 26
8 2 27
8 2 28
8 2 29
8 2 30
8 2 31
8 2 32
8 2 33
8 2 34
8 2 35
8 2 36
8 2 37
8 2 38
5 2 39
5 3 0
5 3 1
3 3 2
5 3 3
5 3 4
5 3 5
5 3 6
5 3 7
3 3 8
3 3 9
5 3 10
5 3 11
3 3 12
5 3 13
8 3 14
8 3 15
8 3 16
8 3 17
8 3 18
8 3 19
8 3 20
8 3 21
8 3 22
8 3 23
8 3 24
8 3 25
8 3 26
8 3 27
8 3 28
8 3 29
8 3 30
8 3 31
8 3 32
8 3 33
8 3 34
8 3 35
8 3 36
8 3 37
8 3 38
5 3 39
5 4 0
5 4 1
5 4 2
8 4 3
8 4 4
8 4 5
8 4 6
8 4 7
5 4 8
3 4 9
6 4 10
6 4 11
4 4 12
5 4 13
8 4 14
8 4 15
8 4 16
8 4 17
8 4 18
8 4 19
7 4 20
7 4 21
7 4 22
8 4 23
8 4 24
8 4 25
8 4 26
8 4 27
8 4 28
8 4 29
8 4 30
8 4 31
8 4 32
8 4 33
8 4 34
8 4 35
8 4 36
8 4 37
8 4 38
5 4 39
5 5 0
5 5 1
5 5 2
8 5 3
8 5 4
8 5 5
8 5 6
8 5 7
5 5 8
0 5 9
0 5 10
5 5 11
0 5 12
3 5 13
5 5 14
5 5 15
5 5 16
5 5 17
5 5 18
5 5 19
4 5 20
0 5 21
4 5 22
5 5 23
5 5 24
5 5 25
5 5 26
5 5 27
5 5 28
5 5 29
5 5 30
5 5 31
5 5 32
5 5 33
5 5 34
5 5 35
5 5 36
5 5 37
5 5 38
3 5 39
5 6 0
5 6 1
5 6 2
8 6 3
8 6 4
8 6 5
8 6 6
8 6 7
5 6 8
3 6 9
6 6 10
6 6 11
5 6 12
5 6 13
5 6 14
5 6 15
5 6 16
5 6 17
5 6 18
5 6 19
3 6 20
0 6 21
3 6 22
5 6 23
5 6 24
5 6 25
3 6 26
4 6 27
5 6 28
5 6 29
5 6 30
5 6 31
5 6 32
5 6 33
5 6 34
5 6 35
5 6 36
5 6 37
3 6 38
0 6 39
5 7 0
5 7 1
5 7 2
8 7 3
8 7 4
8 7 5
8 7 6
8 7 7
5 7 8
5 7 9
8 7 10
8 7 11
8 7 12
8 7 13
8 7 14
8 7 15
7 7 16
8 7 17
8 7 18
8 7 19
5 7 20
0 7 21
5 7 22
8 7 23
8 7 24
8 7 25
8 7 26
6 7 27
8 7 28
8 7 29
8 7 30
8 7 31
8 7 32
8 7 33
8 7 34
8 7 35
8 7 36
8 7 37
5 7 38
0 7 39
5 8 0
5 8 1
5 8 2
8 8 3
8 8 4
8 8 5
8 8 6
8 8 7
6 8 8
5 8 9
8 8 10
8 8 11
8 8 12
8 8 13
8 8 14
8 8 15
6 8 16
5 8 17
8 8 18
8 8 19
6 8 20
0 8 21
6 8 22
8 8 23
8 8 24
8 8 25
5 8 26
4 8 27
5 8 28
5 8 29
5 8 30
5 8 31
5 8 32
5 8 33
5 8 34
6 8 35
7 8 36
7 8 37
4 8 38
0 8 39
5 9 0
5 9 1
5 9 2
8 9 3
8 9 4
8 9 5
8 9 6
8 9 7
6 9 8
8 9 9
8 9 10
8 9 11
8 9 12
8 9 13
8 9 14
8 9 15
5 9 16
5 9 17
8 9 18
8 9 19
7 9 20
7 9 21
7 9 22
8 9 23
8 9 24
8 9 25
5 9 26
3 9 27
5 9 28
5 9 29
5 9 30
5 9 31
3 9 32
3 9 33
5 9 34
5 9 35
8 9 36
6 9 37
0 9 38
0 9 39
5 10 0
5 10 1
5 10 2
8 10 3
8 10 4
8 10 5
8 10 6
8 10 7
6 10 8
5 10 9
8 10 10
8 10 11
8 10 12
8 10 13
8 10 14
8 10 15
6 10 16
5 10 17
8 10 18
8 10 19
7 10 20
6 10 21
7 10 22
8 10 23
8 10 24
8 10 25
5 10 26
5 10 27
8 10 28
8 10 29
8 10 30
8 10 31
5 10 32
5 10 33
8 10 34
8 10 35
8 10 36
7 10 37
3 10 38
0 10 39
5 11 0
5 11 1
5 11 2
8 11 3
8 11 4
8 11 5
8 11 6
8 11 7
5 11 8
5 11 9
8 11 10
8 11 11
8 11 12
8 11 13
8 11 14
8 11 15
7 11 16
8 11 17
8 11 18
8 11 19
6 11 20
0 11 21
5 11 22
8 11 23
8 11 24
8 11 25
5 11 26
5 11 27
8 11 28
8 11 29
8 11 30
8 11 31
7 11 32
7 11 33
8 11 34
8 11 35
8 11 36
8 11 37
5 11 38
0 11 39
5 12 0
5 12 1
3 12 2
6 12 3
7 12 4
7 12 5
6 12 6
5 12 7
3 12 8
4 12 9
7 12 10
7 12 11
6 12 12
5 12 13
6 12 14
7 12 15
8 12 16
8 12 17
8 12 18
7 12 19
4 12 20
0 12 21
3 12 22
5 12 23
5 12 24
5 12 25
3 12 26
4 12 27
7 12 28
8 12 29
8 12 30
8 12 31
7 12 32
8 12 33
8 12 34
8 12 35
8 12 36
8 12 37
5 12 38
0 12 39
5 13 0
5 13 1
3 13 2
5 13 3
8 13 4
7 13 5
0 13 6
0 13 7
0 13 8
0 13 9
6 13 10
7 13 11
0 13 12
0 13 13
0 13 14
7 13 15
8 13 16
8 13 17
8 13 18
7 13 19
0 13 20
0 13 21
0 13 22
0 13 23
0 13 24
0 13 25
0 13 26
0 13 27
6 13 28
8 13 29
8 13 30
8 13 31
6 13 32
5 13 33
8 13 34
8 13 35
8 13 36
8 13 37
5 13 38
0 13 39
5 14 0
5 14 1
5 14 2
8 14 3
8 14 4
7 14 5
6 14 6
5 14 7
5 14 8
5 14 9
7 14 10
7 14 11
4 14 12
0 14 13
4 14 14
7 14 15
8 14 16
8 14 17
8 14 18
7 14 19
6 14 20
5 14 21
5 14 22
5 14 23
5 14 24
5 14 25
3 14 26
3 14 27
7 14 28
8 14 29
7 14 30
6 14 31
3 14 32
3 14 33
5 14 34
6 14 35
6 14 36
6 14 37
3 14 38
0 14 39
5 15 0
5 15 1
5 15 2
8 15 3
8 15 4
8 15 5
8 15 6
6 15 7
6 15 8
8 15 9
8 15 10
8 15 11
5 15 12
0 15 13
5 15 14
8 15 15
8 15 16
8 15 17
8 15 18
8 15 19
8 15 20
8 15 21
8 15 22
8 15 23
8 15 24
8 15 25
5 15 26
5 15 27
8 15 28
8 15 29
8 15 30
5 15 31
3 15 32
3 15 33
5 15 34
5 15 35
8 15 36
5 15 37
3 15 38
0 15 39
5 16 0
5 16 1
5 16 2
8 16 3
8 16 4
8 16 5
8 16 6
5 16 7
5 16 8
8 16 9
8 16 10
8 16 11
5 16 12
0 16 13
5 16 14
8 16 15
8 16 16
8 16 17
8 16 18
8 16 19
8 16 20
8 16 21
8 16 22
8 16 23
8 16 24
8 16 25
5 16 26
5 16 27
8 16 28
8 16 29
8 16 30
8 16 31
5 16 32
5 16 33
8 16 34
8 16 35
8 16 36
8 16 37
5 16 38
0 16 39
5 17 0
5 17 1
5 17 2
8 17 3
8 17 4
8 17 5
8 17 6
5 17 7
5 17 8
8 17 9
8 17 10
8 17 11
5 17 12
0 17 13
3 17 14
5 17 15
5 17 16
5 17 17
5 17 18
5 17 19
5 17 20
5 17 21
5 17 22
5 17 23
5 17 24
5 17 25
3 17 26
5 17 27
8 17 28
8 17 29
8 17 30
8 17 31
6 17 32
5 17 33
8 17 34
8 17 35
8 17 36
8 17 37
5 17 38
0 17 39
5 18 0
5 18 1
5 18 2
8 18 3
8 18 4
8 18 5
8 18 6
5 18 7
4 18 8
6 18 9
5 18 10
6 18 11
4 18 12
3 18 13
5 18 14
5 18 15
5 18 16
5 18 17
5 18 18
5 18 19
5 18 20
5 18 21
5 18 22
5 18 23
5 18 24
5 18 25
3 18 26
5 18 27
8 18 28
8 18 29
8 18 30
8 18 31
7 18 32
8 18 33
8 18 34
8 18 35
8 18 36
8 18 37
5 18 38
0 18 39
5 19 0
5 19 1
5 19 2
8 19 3
8 19 4
8 19 5
8 19 6
5 19 7
4 19 8
0 19 9
0 19 10
0 19 11
4 19 12
5 19 13
8 19 14
8 19 15
8 19 16
8 19 17
8 19 18
8 19 19
8 19 20
8 19 21
8 19 22
8 19 23
8 19 24
8 19 25
5 19 26
5 19 27
8 19 28
8 19 29
8 19 30
8 19 31
7 19 32
7 19 33
8 19 34
8 19 35
8 19 36
8 19 37
5 19 38
0 19 39
5 20 0
5 20 1
5 20 2
8 20 3
8 20 4
8 20 5
8 20 6
5 20 7
4 20 8
6 20 9
5 20 10
6 20 11
4 20 12
5 20 13
8 20 14
8 20 15
8 20 16
8 20 17
8 20 18
8 20 19
8 20 20
8 20 21
8 20 22
8 20 23
8 20 24
8 20 25
5 20 26
5 20 27
8 20 28
8 20 29
8 20 30
8 20 31
5 20 32
5 20 33
8 20 34
8 20 35
8 20 36
8 20 37
5 20 38
0 20 39
5 21 0
5 21 1
5 21 2
8 21 3
8 21 4
8 21 5
8 21 6
5 21 7
5 21 8
8 21 9
8 21 10
8 21 11
5 21 12
5 21 13
8 21 14
8 21 15
8 21 16
8 21 17
8 21 18
8 21 19
8 21 20
8 21 21
8 21 22
8 21 23
8 21 24
8 21 25
5 21 26
5 21 27
8 21 28
8 21 29
8 21 30
8 21 31
5 21 32
5 21 33
8 21 34
8 21 35
8 21 36
8 21 37
5 21 38
0 21 39
5 22 0
5 22 1
5 22 2
8 22 3
8 22 4
8 22 5
8 22 6
5 22 7
5 22 8
8 22 9
8 22 10
8 22 11
5 22 12
5 22 13
8 22 14
8 22 15
8 22 16
8 22 17
8 22 18
8 22 19
8 22 20
8 22 21
8 22 22
8 22 23
8 22 24
8 22 25
5 22 26
5 22 27
8 22 28
8 22 29
8 22 30
8 22 31
5 22 32
5 22 33
8 22 34
8 22 35
8 22 36
8 22 37
5 22 38
0 22 39
5 23 0
5 23 1
5 23 2
8 23 3
8 23 4
8 23 5
8 23 6
7 23 7
7 23 8
8 23 9
8 23 10
8 23 11
5 23 12
5 23 13
8 23 14
8 23 15
8 23 16
8 23 17
8 23 18
8 23 19
8 23 20
8 23 21
8 23 22
8 23 23
8 23 24
8 23 25
5 23 26
5 23 27
7 23 28
5 23 29
5 23 30
6 23 31
4 23 32
5 23 33
8 23 34
8 23 35
8 23 36
8 23 37
5 23 38
0 23 39
5 24 0
5 24 1
3 24 2
5 24 3
5 24 4
5 24 5
5 24 6
5 24 7
5 24 8
5 24 9
7 24 10
7 24 11
4 24 12
5 24 13
8 24 14
8 24 15
8 24 16
8 24 17
8 24 18
8 24 19
8 24 20
8 24 21
8 24 22
8 24 23
8 24 24
8 24 25
5 24 26
3 24 27
3 24 28
3 24 29
4 24 30
0 24 31
2 24 32
3 24 33
5 24 34
5 24 35
5 24 36
5 24 37
3 24 38
0 24 39
5 25 0
7 25 1
5 25 2
5 25 3
5 25 4
5 25 5
5 25 6
5 25 7
3 25 8
3 25 9
7 25 10
6 25 11
0 25 12
5 25 13
8 25 14
8 25 15
8 25 16
8 25 17
8 25 18
8 25 19
8 25 20
8 25 21
8 25 22
8 25 23
8 25 24
8 25 25
7 25 26
5 25 27
5 25 28
7 25 29
7 25 30
6 25 31
5 25 32
5 25 33
5 25 34
5 25 35
5 25 36
5 25 37
5 25 38
3 25 39
5 26 0
8 26 1
8 26 2
8 26 3
8 26 4
8 26 5
8 26 6
8 26 7
5 26 8
5 26 9
8 26 10
7 26 11
3 26 12
5 26 13
8 26 14
8 26 15
8 26 16
8 26 17
8 26 18
8 26 19
8 26 20
8 26 21
8 26 22
8 26 23
8 26 24
8 26 25
8 26 26
8 26 27
8 26 28
8 26 29
8 26 30
8 26 31
8 26 32
8 26 33
8 26 34
8 26 35
8 26 36
8 26 37
8 26 38
5 26 39
5 27 0
8 27 1
8 27 2
8 27 3
8 27 4
8 27 5
8 27 6
8 27 7
5 27 8
3 27 9
5 27 10
5 27 11
4 27 12
5 27 13
8 27 14
8 27 15
8 27 16
8 27 17
8 27 18
8 27 19
8 27 20
8 27 21
8 27 22
8 27 23
8 27 24
8 27 25
8 27 26
8 27 27
8 27 28
8 27 29
8 27 30
8 27 31
8 27 32
8 27 33
8 27 34
8 27 35
8 27 36
8 27 37
8 27 38
5 27 39
5 28 0
8 28 1
8 28 2
8 28 3
8 28 4
8 28 5
8 28 6
8 28 7
5 28 8
0 28 9
4 28 10
3 28 11
1 28 12
5 28 13
8 28 14
8 28 15
8 28 16
8 28 17
8 28 18
8 28 19
8 28 20
8 28 21
8 28 22
8 28 23
8 28 24
8 28 25
8 28 26
8 28 27
8 28 28
8 28 29
8 28 30
8 28 31
8 28 32
8 28 33
8 28 34
8 28 35
8 28 36
8 28 37
8 28 38
5 28 39
5 29 0
8 29 1
8 29 2
8 29 3
8 29 4
8 29 5
8 29 6
8 29 7
7 29 8
6 29 9
7 29 10
7 29 11
5 29 12
7 29 13
8 29 14
8 29 15
8 29 16
8 29 17
8 29 18
8 29 19
8 29 20
8 29 21
8 29 22
8 29 23
8 29 24
8 29 25
8 29 26
8 29 27
8 29 28
8 29 29
8 29 30
8 29 31
8 29 32
8 29 33
8 29 34
8 29 35
8 29 36
8 29 37
8 29 38
5 29 39
5 30 0
8 30 1
8 30 2
8 30 3
8 30 4
8 30 5
8 30 6
8 30 7
8 30 8
8 30 9
8 30 10
8 30 11
8 30 12
8 30 13
8 30 14
8 30 15
8 30 16
8 30 17
8 30 18
8 30 19
8 30 20
8 30 21
8 30 22
8 30 23
8 30 24
8 30 25
8 30 26
8 30 27
8 30 28
8 30 29
8 30 30
8 30 31
8 30 32
8 30 33
8 30 34
8 30 35
8 30 36
8 30 37
8 30 38
5 30 39
5 31 0
8 31 1
8 31 2
8 31 3
8 31 4
8 31 5
8 31 6
8 31 7
8 31 8
8 31 9
8 31 10
8 31 11
8 31 12
8 31 13
8 31 14
8 31 15
8 31 16
8 31 17
8 31 18
8 31 19
8 31 20
8 31 21
8 31 22
8 31 23
8 31 24
8 31 25
8 31 26
8 31 27
8 31 28
8 31 29
8 31 30
8 31 31
8 31 32
8 31 33
8 31 34
8 31 35
8 31 36
8 31 37
8 31 38
5 31 39
5 32 0
8 32 1
8 32 2
8 32 3
8 32 4
8 32 5
8 32 6
8 32 7
8 32 8
8 32 9
8 32 10
8 32 11
8 32 12
8 32 13
8 32 14
8 32 15
8 32 16
8 32 17
8 32 18
8 32 19
8 32 20
8 32 21
8 32 22
8 32 23
8 32 24
8 32 25
8 32 26
8 32 27
8 32 28
8 32 29
8 32 30
8 32 31
8 32 32
8 32 33
8 32 34
8 32 35
8 32 36
8 32 37
8 32 38
5 32 39
5 33 0
8 33 1
8 33 2
8 33 3
8 33 4
8 33 5
8 33 6
8 33 7
8 33 8
8 33 9
8 33 10
8 33 11
8 33 12
8 33 13
8 33 14
8 33 15
8 33 16
8 33 17
8 33 18
8 33 19
8 33 20
8 33 21
8 33 22
8 33 23
8 33 24
8 33 25
8 33 26
8 33 27
8 33 28
8 33 29
8 33 30
8 33 31
8 33 32
8 33 33
8 33 34
8 33 35
8 33 36
8 33 37
8 33 38
5 33 39
5 34 0
8 34 1
8 34 2
8 34 3
8 34 4
8 34 5
8 34 6
8 34 7
8 34 8
8 34 9
8 34 10
8 34 11
8 34 12
8 34 13
8 34 14
8 34 15
8 34 16
8 34 17
8 34 18
8 34 19
8 34 20
8 34 21
8 34 22
8 34 23
8 34 24
8 34 25
8 34 26
8 34 27
8 34 28
8 34 29
8 34 30
8 34 31
8 34 32
8 34 33
8 34 34
8 34 35
8 34 36
8 34 37
8 34 38
5 34 39
5 35 0
8 35 1
8 35 2
8 35 3
8 35 4
8 35 5
8 35 6
8 35 7
8 35 8
8 35 9
8 35 10
8 35 11
8 35 12
8 35 13
8 35 14
8 35 15
8 35 16
8 35 17
8 35 18
8 35 19
8 35 20
8 35 21
8 35 22
8 35 23
8 35 24
8 35 25
8 35 26
8 35 27
8 35 28
8 35 29
8 35 30
8 35 31
8 35 32
8 35 33
8 35 34
8 35 35
8 35 36
8 35 37
8 35 38
5 35 39
5 36 0
8 36 1
8 36 2
8 36 3
8 36 4
8 36 5
8 36 6
8 36 7
8 36 8
8 36 9
8 36 10
8 36 11
8 36 12
8 36 13
8 36 14
8 36 15
8 36 16
8 36 17
8 36 18
8 36 19
8 36 20
8 36 21
8 36 22
8 36 23
8 36 24
8 36 25
8 36 26
8 36 27
8 36 28
8 36 29
8 36 30
8 36 31
8 36 32
8 36 33
8 36 34
8 36 35
8 36 36
8 36 37
8 36 38
5 36 39
5 37 0
8 37 1
8 37 2
8 37 3
8 37 4
8 37 5
8 37 6
8 37 7
8 37 8
8 37 9
8 37 10
8 37 11
8 37 12
8 37 13
8 37 14
8 37 15
8 37 16
8 37 17
8 37 18
8 37 19
8 37 20
8 37 21
8 37 22
8 37 23
8 37 24
8 37 25
8 37 26
8 37 27
8 37 28
8 37 29
8 37 30
8 37 31
8 37 32
8 37 33
8 37 34
8 37 35
8 37 36
8 37 37
8 37 38
5 37 39
5 38 0
8 38 1
8 38 2
8 38 3
8 38 4
8 38 5
8 38 6
8 38 7
8 38 8
8 38 9
8 38 10
8 38 11
8 38 12
8 38 13
8 38 14
8 38 15
8 38 16
8 38 17
8 38 18
8 38 19
8 38 20
8 38 21
8 38 22
8 38 23
8 38 24
8 38 25
8 38 26
8 38 27
8 38 28
8 38 29
8 38 30
8 38 31
8 38 32
8 38 33
8 38 34
8 38 35
8 38 36
8 38 37
8 38 38
5 38 39
3 39 0
5 39 1
5 39 2
5 39 3
5 39 4
5 39 5
5 39 6
5 39 7
5 39 8
5 39 9
5 39 10
5 39 11
5 39 12
5 39 13
5 39 14
5 39 15
5 39 16
5 39 17
5 39 18
5 39 19
5 39 20
5 39 21
5 39 22
5 39 23
5 39 24
5 39 25
5 39 26
5 39 27
5 39 28
5 39 29
5 39 30
5 39 31
5 39 32
5 39 33
5 39 34
5 39 35
5 39 36
5 39 37
5 39 38
3 39 39
5268
0 1
0 40
0 41
1 2
1 40
1 41
1 42
2 3
2 41
2 42
2 43
3 4
3 42
3 43
3 44
4 5
4 43
4 44
4 45
5 6
5 44
5 45
5 46
6 7
6 45
6 46
6 47
7 8
7 46
7 47
7 48
8 9
8 47
8 48
8 49
9 10
9 48
9 49
9 50
10 11
10 49
10 50
10 51
11 12
11 50
11 51
11 52
12 13
12 51
12 52
12 53
13 14
13 52
13 53
13 54
14 15
14 53
14 54
14 55
15 16
15 54
15 55
15 56
16 17
16 55
16 56
16 57
17 18
17 56
17 57
17 58
18 19
18 57
18 58
18 59
19 20
19 58
19 59
19 60
20 21
20 59
20 60
20 61
21 22
21 60
21 61
21 62
22 23
22 61
22 62
22 63
23 24
23 62
23 63
23 64
24 25
24 63
24 64
24 65
25 26
25 64
25 65
25 66
26 27
26 65
26 66
26 67
27 28
27 66
27 67
27 68
28 29
28 67
28 68
28 69
29 30
29 68
29 69
29 70
30 31
30 69
30 70
30 71
31 32
31 70
31 71
31 72
32 33
32 71
32 72
32 73
33 34
33 72
33 73
33 74
34 35
34 73
34 74
34 75
35 36
35 74
35 75
35 76
36 37
36 75
36 76
36 77
37 38
37 76
37 77
37 78
38 39
38 77
38 78
38 79
39 78
39 79
40 41
40 80
40 81
41 42
41 80
41 81
42 43
42 81
43 44
44 45
45 46
46 47
47 48
48 49
49 50
50 51
51 52
52 53
53 54
53 93
53 94
54 55
54 93
54 94
54 95
55 56
55 94
55 95
55 96
56 57
56 95
56 96
56 97
57 58
57 96
57 97
57 98
58 59
58 97
58 98
58 99
59 60
59 98
59 99
59 100
60 61
60 99
60 100
60 101
61 62
61 100
61 101
61 102
62 63
62 101
62 102
62 103
63 64
63 102
63 103
63 104
64 65
64 103
64 104
64 105
65 66
65 104
65 105
65 106
66 67
66 105
66 106
66 107
67 68
67 106
67 107
67 108
68 69
68 107
68 108
68 109
69 70
69 108
69 109
69 110
70 71
70 109
70 110
70 111
71 72
71 110
71 111
71 112
72 73
72 111
72 112
72 113
73 74
73 112
73 113
73 114
74 75
74 113
74 114
74 115
75 76
75 114
75 115
75 116
76 77
76 115
76 116
76 117
77 78
77 116
77 117
77 118
78 79
78 117
78 118
78 119
79 118
79 119
80 81
80 120
80 121
81 120
81 121
93 94
93 133
93 134
94 95
94 133
94 134
94 135
95 96
95 134
95 135
95 136
96 97
96 135
96 136
96 137
97 98
97 136
97 137
97 138
98 99
98 137
98 138
98 139
99 100
99 138
99 139
99 140
100 101
100 139
100 140
100 141
101 102
101 140
101 141
101 142
102 103
102 141
102 142
102 143
103 104
103 142
103 143
103 144
104 105
104 143
104 144
104 145
105 106
105 144
105 145
105 146
106 107
106 145
106 146
106 147
107 108
107 146
107 147
107 148
108 109
108 147
108 148
108 149
109 110
109 148
109 149
109 150
110 111
110 149
110 150
110 151
111 112
111 150
111 151
111 152
112 113
112 151
112 152
112 153
113 114
113 152
113 153
113 154
114 115
114 153
114 154
114 155
115 116
115 154
115 155
115 156
116 117
116 155
116 156
116 157
117 118
117 156
117 157
117 158
118 119
118 157
118 158
118 159
119 158
119 159
120 121
120 160
120 161
121 160
121 161
122 123
122 162
122 163
123 124
123 162
123 163
123 164
124 125
124 163
124 164
124 165
125 126
125 164
125 165
125 166
126 127
126 165
126 166
126 167
127 128
127 166
127 167
127 168
128 167
128 168
129 130
129 169
129 170
130 131
130 169
130 170
130 171
131 132
131 170
131 171
131 172
132 171
132 172
133 134
133 173
133 174
134 135
134 173
134 174
134 175
135 136
135 174
135 175
135 176
136 137
136 175
136 176
136 177
137 138
137 176
137 177
137 178
138 139
138 177
138 178
138 179
139 140
139 178
139 179
139 180
140 141
140 179
140 180
140 181
141 142
141 180
141 181
141 182
142 143
142 181
142 182
142 183
143 144
143 182
143 183
143 184
144 145
144 183
144 184
144 185
145 146
145 184
145 185
145 186
146 147
146 185
146 186
146 187
147 148
147 186
147 187
147 188
148 149
148 187
148 188
148 189
149 150
149 188
149 189
149 190
150 151
150 189
150 190
150 191
151 152
151 190
151 191
151 192
152 153
152 191
152 192
152 193
153 154
153 192
153 193
153 194
154 155
154 193
154 194
154 195
155 156
155 194
155 195
155 196
156 157
156 195
156 196
156 197
157 158
157 196
157 197
157 198
158 159
158 197
158 198
158 199
159 198
159 199
160 161
160 200
160 201
161 200
161 201
162 163
162 202
162 203
163 164
163 202
163 203
163 204
164 165
164 203
164 204
164 205
165 166
165 204
165 205
165 206
166 167
166 205
166 206
166 207
167 168
167 206
167 207
167 208
168 207
168 208
169 170
170 171
170 211
171 172
171 211
172 211
173 174
173 213
173 214
174 175
174 213
174 214
174 215
175 176
175 214
175 215
175 216
176 177
176 215
176 216
176 217
177 178
177 216
177 217
177 218
178 179
178 217
178 218
178 219
179 180
179 218
179 219
179 220
180 181
180 219
180 220
181 182
181 220
181 222
182 183
182 222
182 223
183 184
183 222
183 223
183 224
184 185
184 223
184 224
184 225
185 186
185 224
185 225
185 226
186 187
186 225
186 226
186 227
187 188
187 226
187 227
187 228
188 189
188 227
188 228
188 229
189 190
189 228
189 229
189 230
190 191
190 229
190 230
190 231
191 192
191 230
191 231
191 232
192 193
192 231
192 232
192 233
193 194
193 232
193 233
193 234
194 195
194 233
194 234
194 235
195 196
195 234
195 235
195 236
196 197
196 235
196 236
196 237
197 198
197 236
197 237
197 238
198 199
198 237
198 238
198 239
199 238
199 239
200 201
200 240
200 241
201 240
201 241
202 203
202 242
202 243
203 204
203 242
203 243
203 244
204 205
204 243
204 244
204 245
205 206
205 244
205 245
205 246
206 207
206 245
206 246
206 247
207 208
207 246
207 247
207 248
208 247
208 248
211 250
211 251
213 214
214 215
215 216
216 217
217 218
218 219
219 220
222 223
223 224
224 225
225 226
226 227
227 228
228 229
229 230
230 231
231 232
232 233
233 234
234 235
235 236
236 237
237 238
238 239
240 241
240 280
240 281
241 280
241 281
242 243
242 282
242 283
243 244
243 282
243 283
243 284
244 245
244 283
244 284
244 285
245 246
245 284
245 285
245 286
246 247
246 285
246 286
246 287
247 248
247 286
247 287
247 288
248 287
248 288
249 250
249 289
249 290
250 251
250 289
250 290
250 291
251 252
251 290
251 291
251 292
252 253
252 291
252 292
252 293
253 254
253 292
253 293
253 294
254 255
254 293
254 294
254 295
255 256
255 294
255 295
255 296
256 257
256 295
256 296
256 297
257 258
257 296
257 297
257 298
258 259
258 297
258 298
258 299
259 260
259 298
259 299
259 300
260 299
260 300
262 263
262 302
262 303
263 264
263 302
263 303
263 304
264 265
264 303
264 304
264 305
265 266
265 304
265 305
265 306
266 305
266 306
267 268
267 306
267 307
267 308
268 269
268 307
268 308
268 309
269 270
269 308
269 309
269 310
270 271
270 309
270 310
270 311
271 272
271 310
271 311
271 312
272 273
272 311
272 312
272 313
273 274
273 312
273 313
273 314
274 275
274 313
274 314
274 315
275 276
275 314
275 315
275 316
276 277
276 315
276 316
276 317
277 278
277 316
277 317
277 318
278 317
278 318
280 281
280 320
280 321
281 320
281 321
282 283
282 322
282 323
283 284
283 322
283 323
283 324
284 285
284 323
284 324
284 325
285 286
285 324
285 325
285 326
286 287
286 325
286 326
286 327
287 288
287 326
287 327
287 328
288 327
288 328
289 290
289 329
289 330
290 291
290 329
290 330
290 331
291 292
291 330
291 331
291 332
292 293
292 331
292 332
292 333
293 294
293 332
293 333
293 334
294 295
294 333
294 334
294 335
295 296
295 334
295 335
295 336
296 297
296 335
296 336
297 298
297 336
297 337
297 338
298 299
298 337
298 338
298 339
299 300
299 338
299 339
299 340
300 339
300 340
302 303
302 342
302 343
303 304
303 342
303 343
303 344
304 305
304 343
304 344
304 345
305 306
305 344
305 345
305 346
306 307
306 345
306 346
306 347
307 308
307 347
307 348
308 309
308 347
308 348
308 349
309 310
309 348
309 349
309 350
310 311
310 349
310 350
310 351
311 312
311 350
311 351
311 352
312 313
312 351
312 352
312 353
313 314
313 352
313 353
313 354
314 315
314 353
314 354
314 355
315 316
315 354
315 355
315 356
316 317
316 355
316 356
316 357
317 318
317 356
317 357
317 358
318 357
318 358
320 321
320 360
320 361
321 360
321 361
322 323
322 362
322 363
323 324
323 362
323 363
323 364
324 325
324 363
324 364
324 365
325 326
325 364
325 365
325 366
326 327
326 365
326 366
326 367
327 328
327 366
327 367
327 368
328 367
328 368
328 369
329 330
329 369
329 370
330 331
330 369
330 370
330 371
331 332
331 370
331 371
331 372
332 333
332 371
332 372
332 373
333 334
333 372
333 373
333 374
334 335
334 373
334 374
334 375
335 336
335 374
335 375
335 376
336 375
336 376
337 338
337 377
337 378
338 339
338 377
338 378
338 379
339 340
339 378
339 379
339 380
340 379
340 380
340 381
342 343
342 381
342 382
342 383
343 344
343 382
343 383
343 384
344 345
344 383
344 384
344 385
345 346
345 384
345 385
345 386
346 385
346 386
347 348
348 349
349 350
350 351
351 352
352 353
353 354
354 355
355 356
355 396
356 357
356 396
356 397
357 358
357 396
357 397
358 397
360 361
360 400
360 401
361 400
361 401
362 363
362 402
362 403
363 364
363 402
363 403
363 404
364 365
364 403
364 404
364 405
365 366
365 404
365 405
365 406
366 367
366 405
366 406
366 407
367 368
367 406
367 407
367 408
368 369
368 407
368 408
369 370
369 408
369 409
369 410
370 371
370 409
370 410
370 411
371 372
371 410
371 411
371 412
372 373
372 411
372 412
372 413
373 374
373 412
373 413
373 414
374 375
374 413
374 414
374 415
375 376
375 414
375 415
375 416
376 415
376 416
377 378
377 417
377 418
378 379
378 417
378 418
378 419
379 380
379 418
379 419
379 420
380 381
380 419
380 420
380 421
381 382
381 420
381 421
381 422
382 383
382 421
382 422
382 423
383 384
383 422
383 423
383 424
384 385
384 423
384 424
384 425
385 386
385 424
385 425
385 426
386 425
386 426
387 388
387 427
387 428
388 389
388 427
388 428
388 429
389 390
389 428
389 429
389 430
390 391
390 429
390 430
390 431
391 392
391 430
391 431
391 432
392 431
392 432
393 394
393 433
393 434
394 395
394 433
394 434
394 435
395 396
395 434
395 435
395 436
396 397
396 435
396 436
396 437
397 436
397 437
400 401
400 440
400 441
401 440
401 441
402 403
402 442
402 443
403 404
403 442
403 443
403 444
404 405
404 443
404 444
404 445
405 406
405 444
405 445
405 446
406 407
406 445
406 446
406 447
407 408
407 446
407 447
407 448
408 447
408 448
409 410
409 449
409 450
410 411
410 449
410 450
410 451
411 412
411 450
411 451
411 452
412 413
412 451
412 452
412 453
413 414
413 452
413 453
413 454
414 415
414 453
414 454
414 455
415 416
415 454
415 455
415 456
416 455
416 456
416 457
417 418
417 457
417 458
418 419
418 457
418 458
418 459
419 420
419 458
419 459
419 460
420 421
420 459
420 460
421 422
421 460
422 423
422 462
422 463
423 424
423 462
423 463
423 464
424 425
424 463
424 464
424 465
425 426
425 464
425 465
425 466
426 465
426 466
427 428
427 467
427 468
428 429
428 467
428 468
428 469
429 430
429 468
429 469
429 470
430 431
430 469
430 470
430 471
431 432
431 470
431 471
431 472
432 471
432 472
433 434
433 473
433 474
434 435
434 473
434 474
434 475
435 436
435 474
435 475
435 476
436 437
436 475
436 476
436 477
437 438
437 476
437 477
437 478
438 477
438 478
440 441
440 480
440 481
441 480
441 481
442 443
442 482
442 483
443 444
443 482
443 483
443 484
444 445
444 483
444 484
444 485
445 446
445 484
445 485
445 486
446 447
446 485
446 486
446 487
447 448
447 486
447 487
447 488
448 487
448 488
449 450
449 489
449 490
450 451
450 489
450 490
450 491
451 452
451 490
451 491
451 492
452 453
452 491
452 492
452 493
453 454
453 492
453 493
453 494
454 455
454 493
454 494
454 495
455 456
455 494
455 495
455 496
456 457
456 495
456 496
456 497
457 458
457 496
457 497
457 498
458 459
458 497
458 498
458 499
459 460
459 498
459 499
459 500
460 499
460 500
462 463
462 502
462 503
463 464
463 502
463 503
463 504
464 465
464 503
464 504
464 505
465 466
465 504
465 505
465 506
466 505
466 506
467 468
467 507
467 508
468 469
468 507
468 508
468 509
469 470
469 508
469 509
469 510
470 471
470 509
470 510
470 511
471 472
471 510
471 511
471 512
472 473
472 511
472 512
472 513
473 474
473 512
473 513
473 514
474 475
474 513
474 514
474 515
475 476
475 514
475 515
475 516
476 477
476 515
476 516
476 517
477 478
477 516
477 517
477 518
478 517
478 518
480 481
480 520
480 521
481 520
481 521
482 483
483 484
483 524
484 485
484 524
484 525
485 486
485 524
485 525
486 487
486 525
487 488
489 490
489 530
490 491
490 530
490 531
491 492
491 530
491 531
492 493
492 531
493 494
494 495
494 535
495 496
495 535
495 536
496 497
496 535
496 536
496 537
497 498
497 536
497 537
497 538
498 499
498 537
498 538
498 539
499 500
499 538
499 539
500 539
502 503
503 504
504 505
505 506
507 508
507 548
508 509
508 548
508 549
509 510
509 548
509 549
509 550
510 511
510 549
510 550
510 551
511 512
511 550
511 551
511 552
512 513
512 551
512 552
513 514
513 552
513 553
513 554
514 515
514 553
514 554
514 555
515 516
515 554
515 555
515 556
516 517
516 555
516 556
516 557
517 518
517 556
517 557
517 558
518 557
518 558
520 521
520 560
520 561
521 560
521 561
522 523
522 562
522 563
523 524
523 562
523 563
523 564
524 525
524 563
524 564
524 565
525 564
525 565
525 566
530 531
530 570
530 571
531 570
531 571
531 572
535 536
535 574
535 575
535 576
536 537
536 575
536 576
536 577
537 538
537 576
537 577
537 578
538 539
538 577
538 578
538 579
539 578
539 579
539 580
548 549
548 588
548 589
549 550
549 588
549 589
549 590
550 551
550 589
550 590
550 591
551 552
551 590
551 591
551 592
552 591
552 592
553 554
553 593
553 594
554 555
554 593
554 594
554 595
555 556
555 594
555 595
555 596
556 557
556 595
556 596
556 597
557 558
557 596
557 597
557 598
558 597
558 598
560 561
560 600
560 601
561 600
561 601
562 563
562 602
562 603
563 564
563 602
563 603
563 604
564 565
564 603
564 604
564 605
565 566
565 604
565 605
565 606
566 567
566 605
566 606
566 607
567 568
567 606
567 607
567 608
568 569
568 607
568 608
568 609
569 570
569 608
569 609
569 610
570 571
570 609
570 610
570 611
571 572
571 610
571 611
571 612
572 611
572 612
574 575
574 614
574 615
575 576
575 614
575 615
575 616
576 577
576 615
576 616
576 617
577 578
577 616
577 617
577 618
578 579
578 617
578 618
578 619
579 580
579 618
579 619
579 620
580 581
580 619
580 620
580 621
581 582
581 620
581 621
581 622
582 583
582 621
582 622
582 623
583 584
583 622
583 623
583 624
584 585
584 623
584 624
584 625
585 586
585 624
585 625
585 626
586 625
586 626
587 588
587 627
587 628
588 589
588 627
588 628
588 629
589 590
589 628
589 629
589 630
590 591
590 629
590 630
591 592
591 630
593 594
594 595
595 596
595 636
596 597
596 636
597 598
597 636
600 601
600 640
600 641
601 640
601 641
602 603
602 642
602 643
603 604
603 642
603 643
603 644
604 605
604 643
604 644
604 645
605 606
605 644
605 645
605 646
606 607
606 645
606 646
606 647
607 646
607 647
608 609
608 648
608 649
609 610
609 648
609 649
609 650
610 611
610 649
610 650
610 651
611 612
611 650
611 651
611 652
612 651
612 652
614 615
614 654
614 655
615 616
615 654
615 655
615 656
616 617
616 655
616 656
616 657
617 618
617 656
617 657
617 658
618 619
618 657
618 658
618 659
619 620
619 658
619 659
619 660
620 621
620 659
620 660
620 661
621 622
621 660
621 661
621 662
622 623
622 661
622 662
622 663
623 624
623 662
623 663
623 664
624 625
624 663
624 664
624 665
625 626
625 664
625 665
625 666
626 665
626 666
627 628
627 667
627 668
628 629
628 667
628 668
628 669
629 630
629 668
629 669
629 670
630 631
630 669
630 670
630 671
631 632
631 670
631 671
631 672
632 671
632 672
633 634
633 673
633 674
634 635
634 673
634 674
634 675
635 636
635 674
635 675
635 676
636 637
636 675
636 676
636 677
637 638
637 676
637 677
637 678
638 677
638 678
640 641
640 680
640 681
641 680
641 681
642 643
642 682
642 683
643 644
643 682
643 683
643 684
644 645
644 683
644 684
644 685
645 646
645 684
645 685
645 686
646 647
646 685
646 686
646 687
647 686
647 687
648 649
648 688
648 689
649 650
649 688
649 689
649 690
650 651
650 689
650 690
650 691
651 652
651 690
651 691
651 692
652 691
652 692
654 655
654 694
654 695
655 656
655 694
655 695
655 696
656 657
656 695
656 696
656 697
657 658
657 696
657 697
657 698
658 659
658 697
658 698
658 699
659 660
659 698
659 699
659 700
660 661
660 699
660 700
660 701
661 662
661 700
661 701
661 702
662 663
662 701
662 702
662 703
663 664
663 702
663 703
663 704
664 665
664 703
664 704
664 705
665 666
665 704
665 705
665 706
666 705
666 706
667 668
667 707
667 708
668 669
668 707
668 708
668 709
669 670
669 708
669 709
669 710
670 671
670 709
670 710
670 711
671 672
671 710
671 711
671 712
672 711
672 712
673 674
673 713
673 714
674 675
674 713
674 714
674 715
675 676
675 714
675 715
675 716
676 677
676 715
676 716
676 717
677 678
677 716
677 717
677 718
678 717
678 718
680 681
680 720
680 721
681 720
681 721
682 683
682 722
682 723
683 684
683 722
683 723
683 724
684 685
684 723
684 724
684 725
685 686
685 724
685 725
685 726
686 687
686 725
686 726
686 727
687 726
687 727
688 689
688 728
688 729
689 690
689 728
689 729
689 730
690 691
690 729
690 730
690 731
691 692
691 730
691 731
691 732
692 731
692 732
694 695
695 696
696 697
697 698
698 699
699 700
700 701
701 702
702 703
703 704
704 705
705 706
707 708
707 747
707 748
708 709
708 747
708 748
708 749
709 710
709 748
709 749
709 750
710 711
710 749
710 750
710 751
711 712
711 750
711 751
711 752
712 751
712 752
712 753
713 714
713 753
713 754
714 715
714 753
714 754
714 755
715 716
715 754
715 755
715 756
716 717
716 755
716 756
716 757
717 718
717 756
717 757
717 758
718 757
718 758
720 721
720 760
720 761
721 760
721 761
722 723
722 762
722 763
723 724
723 762
723 763
723 764
724 725
724 763
724 764
724 765
725 726
725 764
725 765
725 766
726 727
726 765
726 766
726 767
727 766
727 767
728 729
728 768
729 730
729 768
730 731
731 732
731 772
732 772
733 734
733 773
733 774
734 735
734 773
734 774
734 775
735 736
735 774
735 775
735 776
736 737
736 775
736 776
736 777
737 738
737 776
737 777
737 778
738 739
738 777
738 778
738 779
739 740
739 778
739 779
739 780
740 741
740 779
740 780
740 781
741 742
741 780
741 781
741 782
742 743
742 781
742 782
742 783
743 744
743 782
743 783
743 784
744 745
744 783
744 784
744 785
745 746
745 784
745 785
745 786
746 785
746 786
747 748
747 787
747 788
748 749
748 787
748 788
748 789
749 750
749 788
749 789
749 790
750 751
750 789
750 790
750 791
751 752
751 790
751 791
751 792
752 753
752 791
752 792
752 793
753 754
753 792
753 793
753 794
754 755
754 793
754 794
754 795
755 756
755 794
755 795
755 796
756 757
756 795
756 796
756 797
757 758
757 796
757 797
757 798
758 797
758 798
760 761
760 800
760 801
761 800
761 801
762 763
762 802
762 803
763 764
763 802
763 803
763 804
764 765
764 803
764 804
764 805
765 766
765 804
765 805
765 806
766 767
766 805
766 806
766 807
767 806
767 807
768 808
768 809
772 811
772 812
773 774
773 813
773 814
774 775
774 813
774 814
774 815
775 776
775 814
775 815
775 816
776 777
776 815
776 816
776 817
777 778
777 816
777 817
777 818
778 779
778 817
778 818
778 819
779 780
779 818
779 819
779 820
780 781
780 819
780 820
780 821
781 782
781 820
781 821
781 822
782 783
782 821
782 822
782 823
783 784
783 822
783 823
783 824
784 785
784 823
784 824
784 825
785 786
785 824
785 825
785 826
786 825
786 826
787 788
787 827
787 828
788 789
788 827
788 828
788 829
789 790
789 828
789 829
789 830
790 791
790 829
790 830
790 831
791 792
791 830
791 831
791 832
792 793
792 831
792 832
793 794
793 833
793 834
794 795
794 833
794 834
794 835
795 796
795 834
795 835
795 836
796 797
796 835
796 836
796 837
797 798
797 836
797 837
797 838
798 837
798 838
800 801
800 840
800 841
801 840
801 841
802 803
802 842
802 843
803 804
803 842
803 843
803 844
804 805
804 843
804 844
804 845
805 806
805 844
805 845
805 846
806 807
806 845
806 846
806 847
807 846
807 847
808 809
808 848
808 849
809 810
809 848
809 849
809 850
810 811
810 849
810 850
810 851
811 812
811 850
811 851
811 852
812 851
812 852
813 814
813 853
813 854
814 815
814 853
814 854
814 855
815 816
815 854
815 855
815 856
816 817
816 855
816 856
816 857
817 818
817 856
817 857
817 858
818 819
818 857
818 858
818 859
819 820
819 858
819 859
819 860
820 821
820 859
820 860
820 861
821 822
821 860
821 861
821 862
822 823
822 861
822 862
822 863
823 824
823 862
823 863
823 864
824 825
824 863
824 864
824 865
825 826
825 864
825 865
825 866
826 865
826 866
827 828
827 867
827 868
828 829
828 867
828 868
828 869
829 830
829 868
829 869
829 870
830 831
830 869
830 870
830 871
831 832
831 870
831 871
831 872
832 871
832 872
833 834
833 873
833 874
834 835
834 873
834 874
834 875
835 836
835 874
835 875
835 876
836 837
836 875
836 876
836 877
837 838
837 876
837 877
837 878
838 877
838 878
840 841
840 880
840 881
841 880
841 881
842 843
842 882
842 883
843 844
843 882
843 883
843 884
844 845
844 883
844 884
844 885
845 846
845 884
845 885
845 886
846 847
846 885
846 886
846 887
847 886
847 887
848 849
848 888
848 889
849 850
849 888
849 889
849 890
850 851
850 889
850 890
850 891
851 852
851 890
851 891
851 892
852 891
852 892
853 854
853 893
853 894
854 855
854 893
854 894
854 895
855 856
855 894
855 895
855 896
856 857
856 895
856 896
856 897
857 858
857 896
857 897
857 898
858 859
858 897
858 898
858 899
859 860
859 898
859 899
859 900
860 861
860 899
860 900
860 901
861 862
861 900
861 901
861 902
862 863
862 901
862 902
862 903
863 864
863 902
863 903
863 904
864 865
864 903
864 904
864 905
865 866
865 904
865 905
865 906
866 905
866 906
867 868
867 907
867 908
868 869
868 907
868 908
868 909
869 870
869 908
869 909
869 910
870 871
870 909
870 910
870 911
871 872
871 910
871 911
871 912
872 911
872 912
873 874
873 913
873 914
874 875
874 913
874 914
874 915
875 876
875 914
875 915
875 916
876 877
876 915
876 916
876 917
877 878
877 916
877 917
877 918
878 917
878 918
880 881
880 920
880 921
881 920
881 921
882 883
882 922
882 923
883 884
883 922
883 923
883 924
884 885
884 923
884 924
884 925
885 886
885 924
885 925
885 926
886 887
886 925
886 926
886 927
887 926
887 927
888 889
888 928
888 929
889 890
889 928
889 929
889 930
890 891
890 929
890 930
890 931
891 892
891 930
891 931
891 932
892 931
892 932
893 894
893 933
893 934
894 895
894 933
894 934
894 935
895 896
895 934
895 935
895 936
896 897
896 935
896 936
896 937
897 898
897 936
897 937
897 938
898 899
898 937
898 938
898 939
899 900
899 938
899 939
899 940
900 901
900 939
900 940
900 941
901 902
901 940
901 941
901 942
902 903
902 941
902 942
902 943
903 904
903 942
903 943
903 944
904 905
904 943
904 944
904 945
905 906
905 944
905 945
905 946
906 945
906 946
907 908
907 947
907 948
908 909
908 947
908 948
908 949
909 910
909 948
909 949
909 950
910 911
910 949
910 950
910 951
911 912
911 950
911 951
911 952
912 951
912 952
913 914
913 953
913 954
914 915
914 953
914 954
914 955
915 916
915 954
915 955
915 956
916 917
916 955
916 956
916 957
917 918
917 956
917 957
917 958
918 957
918 958
920 921
920 960
920 961
921 960
921 961
922 923
922 962
922 963
923 924
923 962
923 963
923 964
924 925
924 963
924 964
924 965
925 926
925 964
925 965
925 966
926 927
926 965
926 966
926 967
927 928
927 966
927 967
927 968
928 929
928 967
928 968
928 969
929 930
929 968
929 969
929 970
930 931
930 969
930 970
930 971
931 932
931 970
931 971
931 972
932 971
932 972
933 934
933 973
933 974
934 935
934 973
934 974
934 975
935 936
935 974
935 975
935 976
936 937
936 975
936 976
936 977
937 938
937 976
937 977
937 978
938 939
938 977
938 978
938 979
939 940
939 978
939 979
939 980
940 941
940 979
940 980
940 981
941 942
941 980
941 981
941 982
942 943
942 981
942 982
942 983
943 944
943 982
943 983
943 984
944 945
944 983
944 984
944 985
945 946
945 984
945 985
945 986
946 985
946 986
947 948
947 987
947 988
948 949
948 987
948 988
949 950
950 951
951 952
951 992
952 992
953 954
953 993
953 994
954 955
954 993
954 994
954 995
955 956
955 994
955 995
955 996
956 957
956 995
956 996
956 997
957 958
957 996
957 997
957 998
958 997
958 998
960 961
960 1000
960 1001
961 1000
961 1001
962 963
963 964
964 965
965 966
966 967
967 968
968 969
969 970
970 971
970 1010
970 1011
971 972
971 1010
971 1011
972 1011
973 974
973 1013
973 1014
974 975
974 1013
974 1014
974 1015
975 976
975 1014
975 1015
975 1016
976 977
976 1015
976 1016
976 1017
977 978
977 1016
977 1017
977 1018
978 979
978 1017
978 1018
978 1019
979 980
979 1018
979 1019
979 1020
980 981
980 1019
980 1020
980 1021
981 982
981 1020
981 1021
981 1022
982 983
982 1021
982 1022
982 1023
983 984
983 1022
983 1023
983 1024
984 985
984 1023
984 1024
984 1025
985 986
985 1024
985 1025
985 1026
986 1025
986 1026
987 988
989 990
989 1029
989 1030
990 1029
990 1030
990 1031
993 994
994 995
995 996
996 997
997 998
1000 1001
1000 1040
1000 1041
1001 1002
1001 1040
1001 1041
1001 1042
1002 1003
1002 1041
1002 1042
1002 1043
1003 1004
1003 1042
1003 1043
1003 1044
1004 1005
1004 1043
1004 1044
1004 1045
1005 1006
1005 1044
1005 1045
1005 1046
1006 1007
1006 1045
1006 1046
1006 1047
1007 1008
1007 1046
1007 1047
1007 1048
1008 1047
1008 1048
1009 1010
1009 1049
1009 1050
1010 1011
1010 1049
1010 1050
1010 1051
1011 1050
1011 1051
1013 1014
1013 1053
1013 1054
1014 1015
1014 1053
1014 1054
1014 1055
1015 1016
1015 1054
1015 1055
1015 1056
1016 1017
1016 1055
1016 1056
1016 1057
1017 1018
1017 1056
1017 1057
1017 1058
1018 1019
1018 1057
1018 1058
1018 1059
1019 1020
1019 1058
1019 1059
1019 1060
1020 1021
1020 1059
1020 1060
1020 1061
1021 1022
1021 1060
1021 1061
1021 1062
1022 1023
1022 1061
1022 1062
1022 1063
1023 1024
1023 1062
1023 1063
1023 1064
1024 1025
1024 1063
1024 1064
1024 1065
1025 1026
1025 1064
1025 1065
1025 1066
1026 1027
1026 1065
1026 1066
1026 1067
1027 1028
1027 1066
1027 1067
1027 1068
1028 1029
1028 1067
1028 1068
1028 1069
1029 1030
1029 1068
1029 1069
1029 1070
1030 1031
1030 1069
1030 1070
1030 1071
1031 1032
1031 1070
1031 1071
1031 1072
1032 1033
1032 1071
1032 1072
1032 1073
1033 1034
1033 1072
1033 1073
1033 1074
1034 1035
1034 1073
1034 1074
1034 1075
1035 1036
1035 1074
1035 1075
1035 1076
1036 1037
1036 1075
1036 1076
1036 1077
1037 1038
1037 1076
1037 1077
1037 1078
1038 1039
1038 1077
1038 1078
1038 1079
1039 1078
1039 1079
1040 1041
1040 1080
1040 1081
1041 1042
1041 1080
1041 1081
1041 1082
1042 1043
1042 1081
1042 1082
1042 1083
1043 1044
1043 1082
1043 1083
1043 1084
1044 1045
1044 1083
1044 1084
1044 1085
1045 1046
1045 1084
1045 1085
1045 1086
1046 1047
1046 1085
1046 1086
1046 1087
1047 1048
1047 1086
1047 1087
1047 1088
1048 1087
1048 1088
1049 1050
1049 1089
1049 1090
1050 1051
1050 1089
1050 1090
1050 1091
1051 1052
1051 1090
1051 1091
1051 1092
1052 1091
1052 1092
1053 1054
1053 1093
1053 1094
1054 1055
1054 1093
1054 1094
1054 1095
1055 1056
1055 1094
1055 1095
1055 1096
1056 1057
1056 1095
1056 1096
1056 1097
1057 1058
1057 1096
1057 1097
1057 1098
1058 1059
1058 1097
1058 1098
1058 1099
1059 1060
1059 1098
1059 1099
1059 1100
1060 1061
1060 1099
1060 1100
1060 1101
1061 1062
1061 1100
1061 1101
1061 1102
1062 1063
1062 1101
1062 1102
1062 1103
1063 1064
1063 1102
1063 1103
1063 1104
1064 1065
1064 1103
1064 1104
1064 1105
1065 1066
1065 1104
1065 1105
1065 1106
1066 1067
1066 1105
1066 1106
1066 1107
1067 1068
1067 1106
1067 1107
1067 1108
1068 1069
1068 1107
1068 1108
1068 1109
1069 1070
1069 1108
1069 1109
1069 1110
1070 1071
1070 1109
1070 1110
1070 1111
1071 1072
1071 1110
1071 1111
1071 1112
1072 1073
1072 1111
1072 1112
1072 1113
1073 1074
1073 1112
1073 1113
1073 1114
1074 1075
1074 1113
1074 1114
1074 1115
1075 1076
1075 1114
1075 1115
1075 1116
1076 1077
1076 1115
1076 1116
1076 1117
1077 1078
1077 1116
1077 1117
1077 1118
1078 1079
1078 1117
1078 1118
1078 1119
1079 1118
1079 1119
1080 1081
1080 1120
1080 1121
1081 1082
1081 1120
1081 1121
1081 1122
1082 1083
1082 1121
1082 1122
1082 1123
1083 1084
1083 1122
1083 1123
1083 1124
1084 1085
1084 1123
1084 1124
1084 1125
1085 1086
1085 1124
1085 1125
1085 1126
1086 1087
1086 1125
1086 1126
1086 1127
1087 1088
1087 1126
1087 1127
1087 1128
1088 1127
1088 1128
1089 1090
1090 1091
1091 1092
1092 1132
1093 1094
1093 1133
1093 1134
1094 1095
1094 1133
1094 1134
1094 1135
1095 1096
1095 1134
1095 1135
1095 1136
1096 1097
1096 1135
1096 1136
1096 1137
1097 1098
1097 1136
1097 1137
1097 1138
1098 1099
1098 1137
1098 1138
1098 1139
1099 1100
1099 1138
1099 1139
1099 1140
1100 1101
1100 1139
1100 1140
1100 1141
1101 1102
1101 1140
1101 1141
1101 1142
1102 1103
1102 1141
1102 1142
1102 1143
1103 1104
1103 1142
1103 1143
1103 1144
1104 1105
1104 1143
1104 1144
1104 1145
1105 1106
1105 1144
1105 1145
1105 1146
1106 1107
1106 1145
1106 1146
1106 1147
1107 1108
1107 1146
1107 1147
1107 1148
1108 1109
1108 1147
1108 1148
1108 1149
1109 1110
1109 1148
1109 1149
1109 1150
1110 1111
1110 1149
1110 1150
1110 1151
1111 1112
1111 1150
1111 1151
1111 1152
1112 1113
1112 1151
1112 1152
1112 1153
1113 1114
1113 1152
1113 1153
1113 1154
1114 1115
1114 1153
1114 1154
1114 1155
1115 1116
1115 1154
1115 1155
1115 1156
1116 1117
1116 1155
1116 1156
1116 1157
1117 1118
1117 1156
1117 1157
1117 1158
1118 1119
1118 1157
1118 1158
1118 1159
1119 1158
1119 1159
1120 1121
1120 1160
1120 1161
1121 1122
1121 1160
1121 1161
1121 1162
1122 1123
1122 1161
1122 1162
1122 1163
1123 1124
1123 1162
1123 1163
1123 1164
1124 1125
1124 1163
1124 1164
1124 1165
1125 1126
1125 1164
1125 1165
1125 1166
1126 1127
1126 1165
1126 1166
1126 1167
1127 1128
1127 1166
1127 1167
1127 1168
1128 1167
1128 1168
1130 1131
1130 1169
1130 1170
1130 1171
1131 1170
1131 1171
1133 1134
1133 1173
1133 1174
1134 1135
1134 1173
1134 1174
1134 1175
1135 1136
1135 1174
1135 1175
1135 1176
1136 1137
1136 1175
1136 1176
1136 1177
1137 1138
1137 1176
1137 1177
1137 1178
1138 1139
1138 1177
1138 1178
1138 1179
1139 1140
1139 1178
1139 1179
1139 1180
1140 1141
1140 1179
1140 1180
1140 1181
1141 1142
1141 1180
1141 1181
1141 1182
1142 1143
1142 1181
1142 1182
1142 1183
1143 1144
1143 1182
1143 1183
1143 1184
1144 1145
1144 1183
1144 1184
1144 1185
1145 1146
1145 1184
1145 1185
1145 1186
1146 1147
1146 1185
1146 1186
1146 1187
1147 1148
1147 1186
1147 1187
1147 1188
1148 1149
1148 1187
1148 1188
1148 1189
1149 1150
1149 1188
1149 1189
1149 1190
1150 1151
1150 1189
1150 1190
1150 1191
1151 1152
1151 1190
1151 1191
1151 1192
1152 1153
1152 1191
1152 1192
1152 1193
1153 1154
1153 1192
1153 1193
1153 1194
1154 1155
1154 1193
1154 1194
1154 1195
1155 1156
1155 1194
1155 1195
1155 1196
1156 1157
1156 1195
1156 1196
1156 1197
1157 1158
1157 1196
1157 1197
1157 1198
1158 1159
1158 1197
1158 1198
1158 1199
1159 1198
1159 1199
1160 1161
1160 1200
1160 1201
1161 1162
1161 1200
1161 1201
1161 1202
1162 1163
1162 1201
1162 1202
1162 1203
1163 1164
1163 1202
1163 1203
1163 1204
1164 1165
1164 1203
1164 1204
1164 1205
1165 1166
1165 1204
1165 1205
1165 1206
1166 1167
1166 1205
1166 1206
1166 1207
1167 1168
1167 1206
1167 1207
1167 1208
1168 1169
1168 1207
1168 1208
1168 1209
1169 1170
1169 1208
1169 1209
1169 1210
1170 1171
1170 1209
1170 1210
1170 1211
1171 1172
1171 1210
1171 1211
1171 1212
1172 1173
1172 1211
1172 1212
1172 1213
1173 1174
1173 1212
1173 1213
1173 1214
1174 1175
1174 1213
1174 1214
1174 1215
1175 1176
1175 1214
1175 1215
1175 1216
1176 1177
1176 1215
1176 1216
1176 1217
1177 1178
1177 1216
1177 1217
1177 1218
1178 1179
1178 1217
1178 1218
1178 1219
1179 1180
1179 1218
1179 1219
1179 1220
1180 1181
1180 1219
1180 1220
1180 1221
1181 1182
1181 1220
1181 1221
1181 1222
1182 1183
1182 1221
1182 1222
1182 1223
1183 1184
1183 1222
1183 1223
1183 1224
1184 1185
1184 1223
1184 1224
1184 1225
1185 1186
1185 1224
1185 1225
1185 1226
1186 1187
1186 1225
1186 1226
1186 1227
1187 1188
1187 1226
1187 1227
1187 1228
1188 1189
1188 1227
1188 1228
1188 1229
1189 1190
1189 1228
1189 1229
1189 1230
1190 1191
1190 1229
1190 1230
1190 1231
1191 1192
1191 1230
1191 1231
1191 1232
1192 1193
1192 1231
1192 1232
1192 1233
1193 1194
1193 1232
1193 1233
1193 1234
1194 1195
1194 1233
1194 1234
1194 1235
1195 1196
1195 1234
1195 1235
1195 1236
1196 1197
1196 1235
1196 1236
1196 1237
1197 1198
1197 1236
1197 1237
1197 1238
1198 1199
1198 1237
1198 1238
1198 1239
1199 1238
1199 1239
1200 1201
1200 1240
1200 1241
1201 1202
1201 1240
1201 1241
1201 1242
1202 1203
1202 1241
1202 1242
1202 1243
1203 1204
1203 1242
1203 1243
1203 1244
1204 1205
1204 1243
1204 1244
1204 1245
1205 1206
1205 1244
1205 1245
1205 1246
1206 1207
1206 1245
1206 1246
1206 1247
1207 1208
1207 1246
1207 1247
1207 1248
1208 1209
1208 1247
1208 1248
1208 1249
1209 1210
1209 1248
1209 1249
1209 1250
1210 1211
1210 1249
1210 1250
1210 1251
1211 1212
1211 1250
1211 1251
1211 1252
1212 1213
1212 1251
1212 1252
1212 1253
1213 1214
1213 1252
1213 1253
1213 1254
1214 1215
1214 1253
1214 1254
1214 1255
1215 1216
1215 1254
1215 1255
1215 1256
1216 1217
1216 1255
1216 1256
1216 1257
1217 1218
1217 1256
1217 1257
1217 1258
1218 1219
1218 1257
1218 1258
1218 1259
1219 1220
1219 1258
1219 1259
1219 1260
1220 1221
1220 1259
1220 1260
1220 1261
1221 1222
1221 1260
1221 1261
1221 1262
1222 1223
1222 1261
1222 1262
1222 1263
1223 1224
1223 1262
1223 1263
1223 1264
1224 1225
1224 1263
1224 1264
1224 1265
1225 1226
1225 1264
1225 1265
1225 1266
1226 1227
1226 1265
1226 1266
1226 1267
1227 1228
1227 1266
1227 1267
1227 1268
1228 1229
1228 1267
1228 1268
1228 1269
1229 1230
1229 1268
1229 1269
1229 1270
1230 1231
1230 1269
1230 1270
1230 1271
1231 1232
1231 1270
1231 1271
1231 1272
1232 1233
1232 1271
1232 1272
1232 1273
1233 1234
1233 1272
1233 1273
1233 1274
1234 1235
1234 1273
1234 1274
1234 1275
1235 1236
1235 1274
1235 1275
1235 1276
1236 1237
1236 1275
1236 1276
1236 1277
1237 1238
1237 1276
1237 1277
1237 1278
1238 1239
1238 1277
1238 1278
1238 1279
1239 1278
1239 1279
1240 1241
1240 1280
1240 1281
1241 1242
1241 1280
1241 1281
1241 1282
1242 1243
1242 1281
1242 1282
1242 1283
1243 1244
1243 1282
1243 1283
1243 1284
1244 1245
1244 1283
1244 1284
1244 1285
1245 1246
1245 1284
1245 1285
1245 1286
1246 1247
1246 1285
1246 1286
1246 1287
1247 1248
1247 1286
1247 1287
1247 1288
1248 1249
1248 1287
1248 1288
1248 1289
1249 1250
1249 1288
1249 1289
1249 1290
1250 1251
1250 1289
1250 1290
1250 1291
1251 1252
1251 1290
1251 1291
1251 1292
1252 1253
1252 1291
1252 1292
1252 1293
1253 1254
1253 1292
1253 1293
1253 1294
1254 1255
1254 1293
1254 1294
1254 1295
1255 1256
1255 1294
1255 1295
1255 1296
1256 1257
1256 1295
1256 1296
1256 1297
1257 1258
1257 1296
1257 1297
1257 1298
1258 1259
1258 1297
1258 1298
1258 1299
1259 1260
1259 1298
1259 1299
1259 1300
1260 1261
1260 1299
1260 1300
1260 1301
1261 1262
1261 1300
1261 1301
1261 1302
1262 1263
1262 1301
1262 1302
1262 1303
1263 1264
1263 1302
1263 1303
1263 1304
1264 1265
1264 1303
1264 1304
1264 1305
1265 1266
1265 1304
1265 1305
1265 1306
1266 1267
1266 1305
1266 1306
1266 1307
1267 1268
1267 1306
1267 1307
1267 1308
1268 1269
1268 1307
1268 1308
1268 1309
1269 1270
1269 1308
1269 1309
1269 1310
1270 1271
1270 1309
1270 1310
1270 1311
1271 1272
1271 1310
1271 1311
1271 1312
1272 1273
1272 1311
1272 1312
1272 1313
1273 1274
1273 1312
1273 1313
1273 1314
1274 1275
1274 1313
1274 1314
1274 1315
1275 1276
1275 1314
1275 1315
1275 1316
1276 1277
1276 1315
1276 1316
1276 1317
1277 1278
1277 1316
1277 1317
1277 1318
1278 1279
1278 1317
1278 1318
1278 1319
1279 1318
1279 1319
1280 1281
1280 1320
1280 1321
1281 1282
1281 1320
1281 1321
1281 1322
1282 1283
1282 1321
1282 1322
1282 1323
1283 1284
1283 1322
1283 1323
1283 1324
1284 1285
1284 1323
1284 1324
1284 1325
1285 1286
1285 1324
1285 1325
1285 1326
1286 1287
1286 1325
1286 1326
1286 1327
1287 1288
1287 1326
1287 1327
1287 1328
1288 1289
1288 1327
1288 1328
1288 1329
1289 1290
1289 1328
1289 1329
1289 1330
1290 1291
1290 1329
1290 1330
1290 1331
1291 1292
1291 1330
1291 1331
1291 1332
1292 1293
1292 1331
1292 1332
1292 1333
1293 1294
1293 1332
1293 1333
1293 1334
1294 1295
1294 1333
1294 1334
1294 1335
1295 1296
1295 1334
1295 1335
1295 1336
1296 1297
1296 1335
1296 1336
1296 1337
1297 1298
1297 1336
1297 1337
1297 1338
1298 1299
1298 1337
1298 1338
1298 1339
1299 1300
1299 1338
1299 1339
1299 1340
1300 1301
1300 1339
1300 1340
1300 1341
1301 1302
1301 1340
1301 1341
1301 1342
1302 1303
1302 1341
1302 1342
1302 1343
1303 1304
1303 1342
1303 1343
1303 1344
1304 1305
1304 1343
1304 1344
1304 1345
1305 1306
1305 1344
1305 1345
1305 1346
1306 1307
1306 1345
1306 1346
1306 1347
1307 1308
1307 1346
1307 1347
1307 1348
1308 1309
1308 1347
1308 1348
1308 1349
1309 1310
1309 1348
1309 1349
1309 1350
1310 1311
1310 1349
1310 1350
1310 1351
1311 1312
1311 1350
1311 1351
1311 1352
1312 1313
1312 1351
1312 1352
1312 1353
1313 1314
1313 1352
1313 1353
1313 1354
1314 1315
1314 1353
1314 1354
1314 1355
1315 1316
1315 1354
1315 1355
1315 1356
1316 1317
1316 1355
1316 1356
1316 1357
1317 1318
1317 1356
1317 1357
1317 1358
1318 1319
1318 1357
1318 1358
1318 1359
1319 1358
1319 1359
1320 1321
1320 1360
1320 1361
1321 1322
1321 1360
1321 1361
1321 1362
1322 1323
1322 1361
1322 1362
1322 1363
1323 1324
1323 1362
1323 1363
1323 1364
1324 1325
1324 1363
1324 1364
1324 1365
1325 1326
1325 1364
1325 1365
1325 1366
1326 1327
1326 1365
1326 1366
1326 1367
1327 1328
1327 1366
1327 1367
1327 1368
1328 1329
1328 1367
1328 1368
1328 1369
1329 1330
1329 1368
1329 1369
1329 1370
1330 1331
1330 1369
1330 1370
1330 1371
1331 1332
1331 1370
1331 1371
1331 1372
1332 1333
1332 1371
1332 1372
1332 1373
1333 1334
1333 1372
1333 1373
1333 1374
1334 1335
1334 1373
1334 1374
1334 1375
1335 1336
1335 1374
1335 1375
1335 1376
1336 1337
1336 1375
1336 1376
1336 1377
1337 1338
1337 1376
1337 1377
1337 1378
1338 1339
1338 1377
1338 1378
1338 1379
1339 1340
1339 1378
1339 1379
1339 1380
1340 1341
1340 1379
1340 1380
1340 1381
1341 1342
1341 1380
1341 1381
1341 1382
1342 1343
1342 1381
1342 1382
1342 1383
1343 1344
1343 1382
1343 1383
1343 1384
1344 1345
1344 1383
1344 1384
1344 1385
1345 1346
1345 1384
1345 1385
1345 1386
1346 1347
1346 1385
1346 1386
1346 1387
1347 1348
1347 1386
1347 1387
1347 1388
1348 1349
1348 1387
1348 1388
1348 1389
1349 1350
1349 1388
1349 1389
1349 1390
1350 1351
1350 1389
1350 1390
1350 1391
1351 1352
1351 1390
1351 1391
1351 1392
1352 1353
1352 1391
1352 1392
1352 1393
1353 1354
1353 1392
1353 1393
1353 1394
1354 1355
1354 1393
1354 1394
1354 1395
1355 1356
1355 1394
1355 1395
1355 1396
1356 1357
1356 1395
1356 1396
1356 1397
1357 1358
1357 1396
1357 1397
1357 1398
1358 1359
1358 1397
1358 1398
1358 1399
1359 1398
1359 1399
1360 1361
1360 1400
1360 1401
1361 1362
1361 1400
1361 1401
1361 1402
1362 1363
1362 1401
1362 1402
1362 1403
1363 1364
1363 1402
1363 1403
1363 1404
1364 1365
1364 1403
1364 1404
1364 1405
1365 1366
1365 1404
1365 1405
1365 1406
1366 1367
1366 1405
1366 1406
1366 1407
1367 1368
1367 1406
1367 1407
1367 1408
1368 1369
1368 1407
1368 1408
1368 1409
1369 1370
1369 1408
1369 1409
1369 1410
1370 1371
1370 1409
1370 1410
1370 1411
1371 1372
1371 1410
1371 1411
1371 1412
1372 1373
1372 1411
1372 1412
1372 1413
1373 1374
1373 1412
1373 1413
1373 1414
1374 1375
1374 1413
1374 1414
1374 1415
1375 1376
1375 1414
1375 1415
1375 1416
1376 1377
1376 1415
1376 1416
1376 1417
1377 1378
1377 1416
1377 1417
1377 1418
1378 1379
1378 1417
1378 1418
1378 1419
1379 1380
1379 1418
1379 1419
1379 1420
1380 1381
1380 1419
1380 1420
1380 1421
1381 1382
1381 1420
1381 1421
1381 1422
1382 1383
1382 1421
1382 1422
1382 1423
1383 1384
1383 1422
1383 1423
1383 1424
1384 1385
1384 1423
1384 1424
1384 1425
1385 1386
1385 1424
1385 1425
1385 1426
1386 1387
1386 1425
1386 1426
1386 1427
1387 1388
1387 1426
1387 1427
1387 1428
1388 1389
1388 1427
1388 1428
1388 1429
1389 1390
1389 1428
1389 1429
1389 1430
1390 1391
1390 1429
1390 1430
1390 1431
1391 1392
1391 1430
1391 1431
1391 1432
1392 1393
1392 1431
1392 1432
1392 1433
1393 1394
1393 1432
1393 1433
1393 1434
1394 1395
1394 1433
1394 1434
1394 1435
1395 1396
1395 1434
1395 1435
1395 1436
1396 1397
1396 1435
1396 1436
1396 1437
1397 1398
1397 1436
1397 1437
1397 1438
1398 1399
1398 1437
1398 1438
1398 1439
1399 1438
1399 1439
1400 1401
1400 1440
1400 1441
1401 1402
1401 1440
1401 1441
1401 1442
1402 1403
1402 1441
1402 1442
1402 1443
1403 1404
1403 1442
1403 1443
1403 1444
1404 1405
1404 1443
1404 1444
1404 1445
1405 1406
1405 1444
1405 1445
1405 1446
1406 1407
1406 1445
1406 1446
1406 1447
1407 1408
1407 1446
1407 1447
1407 1448
1408 1409
1408 1447
1408 1448
1408 1449
1409 1410
1409 1448
1409 1449
1409 1450
1410 1411
1410 1449
1410 1450
1410 1451
1411 1412
1411 1450
1411 1451
1411 1452
1412 1413
1412 1451
1412 1452
1412 1453
1413 1414
1413 1452
1413 1453
1413 1454
1414 1415
1414 1453
1414 1454
1414 1455
1415 1416
1415 1454
1415 1455
1415 1456
1416 1417
1416 1455
1416 1456
1416 1457
1417 1418
1417 1456
1417 1457
1417 1458
1418 1419
1418 1457
1418 1458
1418 1459
1419 1420
1419 1458
1419 1459
1419 1460
1420 1421
1420 1459
1420 1460
1420 1461
1421 1422
1421 1460
1421 1461
1421 1462
1422 1423
1422 1461
1422 1462
1422 1463
1423 1424
1423 1462
1423 1463
1423 1464
1424 1425
1424 1463
1424 1464
1424 1465
1425 1426
1425 1464
1425 1465
1425 1466
1426 1427
1426 1465
1426 1466
1426 1467
1427 1428
1427 1466
1427 1467
1427 1468
1428 1429
1428 1467
1428 1468
1428 1469
1429 1430
1429 1468
1429 1469
1429 1470
1430 1431
1430 1469
1430 1470
1430 1471
1431 1432
1431 1470
1431 1471
1431 1472
1432 1433
1432 1471
1432 1472
1432 1473
1433 1434
1433 1472
1433 1473
1433 1474
1434 1435
1434 1473
1434 1474
1434 1475
1435 1436
1435 1474
1435 1475
1435 1476
1436 1437
1436 1475
1436 1476
1436 1477
1437 1438
1437 1476
1437 1477
1437 1478
1438 1439
1438 1477
1438 1478
1438 1479
1439 1478
1439 1479
1440 1441
1440 1480
1440 1481
1441 1442
1441 1480
1441 1481
1441 1482
1442 1443
1442 1481
1442 1482
1442 1483
1443 1444
1443 1482
1443 1483
1443 1484
1444 1445
1444 1483
1444 1484
1444 1485
1445 1446
1445 1484
1445 1485
1445 1486
1446 1447
1446 1485
1446 1486
1446 1487
1447 1448
1447 1486
1447 1487
1447 1488
1448 1449
1448 1487
1448 1488
1448 1489
1449 1450
1449 1488
1449 1489
1449 1490
1450 1451
1450 1489
1450 1490
1450 1491
1451 1452
1451 1490
1451 1491
1451 1492
1452 1453
1452 1491
1452 1492
1452 1493
1453 1454
1453 1492
1453 1493
1453 1494
1454 1455
1454 1493
1454 1494
1454 1495
1455 1456
1455 1494
1455 1495
1455 1496
1456 1457
1456 1495
1456 1496
1456 1497
1457 1458
1457 1496
1457 1497
1457 1498
1458 1459
1458 1497
1458 1498
1458 1499
1459 1460
1459 1498
1459 1499
1459 1500
1460 1461
1460 1499
1460 1500
1460 1501
1461 1462
1461 1500
1461 1501
1461 1502
1462 1463
1462 1501
1462 1502
1462 1503
1463 1464
1463 1502
1463 1503
1463 1504
1464 1465
1464 1503
1464 1504
1464 1505
1465 1466
1465 1504
1465 1505
1465 1506
1466 1467
1466 1505
1466 1506
1466 1507
1467 1468
1467 1506
1467 1507
1467 1508
1468 1469
1468 1507
1468 1508
1468 1509
1469 1470
1469 1508
1469 1509
1469 1510
1470 1471
1470 1509
1470 1510
1470 1511
1471 1472
1471 1510
1471 1511
1471 1512
1472 1473
1472 1511
1472 1512
1472 1513
1473 1474
1473 1512
1473 1513
1473 1514
1474 1475
1474 1513
1474 1514
1474 1515
1475 1476
1475 1514
1475 1515
1475 1516
1476 1477
1476 1515
1476 1516
1476 1517
1477 1478
1477 1516
1477 1517
1477 1518
1478 1479
1478 1517
1478 1518
1478 1519
1479 1518
1479 1519
1480 1481
1480 1520
1480 1521
1481 1482
1481 1520
1481 1521
1481 1522
1482 1483
1482 1521
1482 1522
1482 1523
1483 1484
1483 1522
1483 1523
1483 1524
1484 1485
1484 1523
1484 1524
1484 1525
1485 1486
1485 1524
1485 1525
1485 1526
1486 1487
1486 1525
1486 1526
1486 1527
1487 1488
1487 1526
1487 1527
1487 1528
1488 1489
1488 1527
1488 1528
1488 1529
1489 1490
1489 1528
1489 1529
1489 1530
1490 1491
1490 1529
1490 1530
1490 1531
1491 1492
1491 1530
1491 1531
1491 1532
1492 1493
1492 1531
1492 1532
1492 1533
1493 1494
1493 1532
1493 1533
1493 1534
1494 1495
1494 1533
1494 1534
1494 1535
1495 1496
1495 1534
1495 1535
1495 1536
1496 1497
1496 1535
1496 1536
1496 1537
1497 1498
1497 1536
1497 1537
1497 1538
1498 1499
1498 1537
1498 1538
1498 1539
1499 1500
1499 1538
1499 1539
1499 1540
1500 1501
1500 1539
1500 1540
1500 1541
1501 1502
1501 1540
1501 1541
1501 1542
1502 1503
1502 1541
1502 1542
1502 1543
1503 1504
1503 1542
1503 1543
1503 1544
1504 1505
1504 1543
1504 1544
1504 1545
1505 1506
1505 1544
1505 1545
1505 1546
1506 1507
1506 1545
1506 1546
1506 1547
1507 1508
1507 1546
1507 1547
1507 1548
1508 1509
1508 1547
1508 1548
1508 1549
1509 1510
1509 1548
1509 1549
1509 1550
1510 1511
1510 1549
1510 1550
1510 1551
1511 1512
1511 1550
1511 1551
1511 1552
1512 1513
1512 1551
1512 1552
1512 1553
1513 1514
1513 1552
1513 1553
1513 1554
1514 1515
1514 1553
1514 1554
1514 1555
1515 1516
1515 1554
1515 1555
1515 1556
1516 1517
1516 1555
1516 1556
1516 1557
1517 1518
1517 1556
1517 1557
1517 1558
1518 1519
1518 1557
1518 1558
1518 1559
1519 1558
1519 1559
1520 1521
1520 1560
1520 1561
1521 1522
1521 1560
1521 1561
1521 1562
1522 1523
1522 1561
1522 1562
1522 1563
1523 1524
1523 1562
1523 1563
1523 1564
1524 1525
1524 1563
1524 1564
1524 1565
1525 1526
1525 1564
1525 1565
1525 1566
1526 1527
1526 1565
1526 1566
1526 1567
1527 1528
1527 1566
1527 1567
1527 1568
1528 1529
1528 1567
1528 1568
1528 1569
1529 1530
1529 1568
1529 1569
1529 1570
1530 1531
1530 1569
1530 1570
1530 1571
1531 1532
1531 1570
1531 1571
1531 1572
1532 1533
1532 1571
1532 1572
1532 1573
1533 1534
1533 1572
1533 1573
1533 1574
1534 1535
1534 1573
1534 1574
1534 1575
1535 1536
1535 1574
1535 1575
1535 1576
1536 1537
1536 1575
1536 1576
1536 1577
1537 1538
1537 1576
1537 1577
1537 1578
1538 1539
1538 1577
1538 1578
1538 1579
1539 1540
1539 1578
1539 1579
1539 1580
1540 1541
1540 1579
1540 1580
1540 1581
1541 1542
1541 1580
1541 1581
1541 1582
1542 1543
1542 1581
1542 1582
1542 1583
1543 1544
1543 1582
1543 1583
1543 1584
1544 1545
1544 1583
1544 1584
1544 1585
1545 1546
1545 1584
1545 1585
1545 1586
1546 1547
1546 1585
1546 1586
1546 1587
1547 1548
1547 1586
1547 1587
1547 1588
1548 1549
1548 1587
1548 1588
1548 1589
1549 1550
1549 1588
1549 1589
1549 1590
1550 1551
1550 1589
1550 1590
1550 1591
1551 1552
1551 1590
1551 1591
1551 1592
1552 1553
1552 1591
1552 1592
1552 1593
1553 1554
1553 1592
1553 1593
1553 1594
1554 1555
1554 1593
1554 1594
1554 1595
1555 1556
1555 1594
1555 1595
1555 1596
1556 1557
1556 1595
1556 1596
1556 1597
1557 1558
1557 1596
1557 1597
1557 1598
1558 1559
1558 1597
1558 1598
1558 1599
1559 1598
1559 1599
1560 1561
1561 1562
1562 1563
1563 1564
1564 1565
1565 1566
1566 1567
1567 1568
1568 1569
1569 1570
1570 1571
1571 1572
1572 1573
1573 1574
1574 1575
1575 1576
1576 1577
1577 1578
1578 1579
1579 1580
1580 1581
1581 1582
1582 1583
1583 1584
1584 1585
1585 1586
1586 1587
1587 1588
1588 1589
1589 1590
1590 1591
1591 1592
1592 1593
1593 1594
1594 1595
1595 1596
1596 1597
1597 1598
1598 1599
